    9.795800   103.471901   2002      3     18      4     29     18
    9.795800   103.471901   2002      3     28      2     28     22
    9.795800   103.471901   2002      4      7      0     26     43
    9.795800   103.471901   2002      5      6     18     21     48
    9.795800   103.471901   2002      5     16     16     20     52
    9.795800   103.471901   2002      5     26     14     19     13
    9.795800   103.471901   2002      6      5     12     17     35
    9.795800   103.471901   2002      6     15     10     15     56
    9.795800   103.471901   2002      6     25      8     15      0
  -29.676001    59.550201   2001      9     18      7     39     51
  -29.676001    59.550201   2001      9     28      5     38     54
  -29.676001    59.550201   2001     10      8      3     37     16
  -29.676001    59.550201   2001     10     18      1     35     38
  -29.676001    59.550201   2001     10     27     23     33     59
  -29.676001    59.550201   2001     11      6     21     33      3
  -29.676001    59.550201   2001     11     16     19     31     24
  -29.676001    59.550201   2001     11     26     17     29     46
  -29.676001    59.550201   2001     12      6     15     28      8
  -29.676001    59.550201   2001     12     16     13     27     11
    2.021030    72.294998   2002      4     24     11     18     31
    2.021030    72.294998   2002      5      4      9     16     53
    2.021030    72.294998   2002      5     14      7     15     14
    2.021030    72.294998   2002      5     24      5     14     18
    2.021030    72.294998   2002      6      3      3     12     39
    2.021030    72.294998   2002      6     13      1     11      1
    2.021030    72.294998   2002      6     22     23      9     23
    2.021030    72.294998   2002      7      2     21      8     26
    2.021030    72.294998   2002      7     12     19      6     48
    2.021030    72.294998   2002      7     22     17      5      9
